ACC: -1.478235, 0.229966, -9.400410
GYR: 0.014400, -0.000810, 0.156470
new_C_b_e: 0.634573, -0.259977, 0.727825
-0.152465, -0.965329, -0.211883
0.757675, 0.023487, -0.652209
tor_i: 0.011875 
C_b_e: 0.635322, -0.257127, 0.728188
-0.149617, -0.966062, -0.210585
0.757616, 0.024840, -0.652227

 *****************  NAV_EQUATIONS ENDS **************************
GNSS-INS DIFF: 0.659718
[0]:0.635322	[3]:-0.149617	[6]:0.757616	
[1]:-0.257127	[4]:-0.966062	[7]:0.024840	
[2]:0.728188	[5]:-0.210585	[8]:-0.652227	
Quat.euler: 0.081654
Euler from Quaternions: 0.048533, 0.081745, 2.412464
Euler from CTM: 0.047507, 0.081745, 2.239409

 *****************  TC_INS/GNSS ENDS **************************

 *****************  INSGNSS CORE ENDS *************************
KEEP UPDATING INS 
GNSS.INSPREV.INS.TIMES.DIFF: 242208.999718, 242208.340000, 242208.347000, 0.652718
Stationary_detection.IS MOVING
LEVELLING.KINE, -1.489189, 0.235850, -9.393221

 *****************  INSGNSS CORE BEGINS ***********************
OLD TIME: 242208.343750, 242208.343750, 242208.343750
Clock OFF and DRIFT: 84514.170772, -67.135583
ERROR GEOM.
ERROR GEOM.
ERROR GEOM.

 *****************  TC_INS/GNSS BEGINS ************************
att: 0.000305, vel: 0.010000, pos: 100.000000
att: 0.000305, vel: 0.010000, pos: 100.000000
att: 0.000305, vel: 0.010000, pos: 100.000000

 *****************  NAV_EQUATIONS BEGINS ************************
NAVIGATION EQUATIONS
OLD_P: 1761245.247514, -4078198.559561, 4561437.495777
OLD_V: -3.849051, 0.648982, -0.612455
ACC: -1.489189, 0.235850, -9.393221
GYR: 0.012372, 0.001128, 0.157542
new_C_b_e: 0.635185, -0.257422, 0.728199
-0.150111, -0.965990, -0.210546
0.757632, 0.024426, -0.652225
tor_i: 0.003250 
C_b_e: 0.635399, -0.256631, 0.728292
-0.149321, -0.966191, -0.210185
0.757609, 0.024802, -0.652238

 *****************  NAV_EQUATIONS ENDS **************************
GNSS-INS DIFF: 0.652718
[0]:0.635399	[3]:-0.149321	[6]:0.757609	
[1]:-0.256631	[4]:-0.966191	[7]:0.024802	
[2]:0.728292	[5]:-0.210185	[8]:-0.652238	
Quat.euler: 0.081675
Euler from Quaternions: 0.048443, 0.081766, 2.412104
Euler from CTM: 0.047425, 0.081766, 2.238896

 *****************  TC_INS/GNSS ENDS **************************

 *****************  INSGNSS CORE ENDS *************************
KEEP UPDATING INS 
GNSS.INSPREV.INS.TIMES.DIFF: 242208.999718, 242208.347000, 242208.354000, 0.645718
Stationary_detection.IS MOVING
LEVELLING.KINE, -1.612968, 0.386382, -9.555737

 *****************  INSGNSS CORE BEGINS ***********************
OLD TIME: 242208.343750, 242208.343750, 242208.343750
Clock OFF and DRIFT: 84514.170772, -67.135583
ERROR GEOM.
ERROR GEOM.
ERROR GEOM.

 *****************  TC_INS/GNSS BEGINS ************************
att: 0.000305, vel: 0.010000, pos: 100.000000
att: 0.000305, vel: 0.010000, pos: 100.000000
att: 0.000305, vel: 0.010000, pos: 100.000000

 *****************  NAV_EQUATIONS BEGINS ************************
NAVIGATION EQUATIONS
OLD_P: 1761245.236675, -4078198.561421, 4561437.498282
OLD_V: -3.884155, 0.669070, -0.619138
ACC: -1.612968, 0.386382, -9.555737
GYR: 0.015429, 0.003784, 0.158493
new_C_b_e: 0.634953, -0.257549, 0.728356
-0.150883, -0.965980, -0.210039
0.757673, 0.023468, -0.652212
tor_i: 0.010250 
C_b_e: 0.635672, -0.255061, 0.728609
-0.148409, -0.966613, -0.208899
0.757560, 0.024660, -0.652299

 *****************  NAV_EQUATIONS ENDS **************************
GNSS-INS DIFF: 0.645718
[0]:0.635672	[3]:-0.148409	[6]:0.757560	
[1]:-0.255061	[4]:-0.966613	[7]:0.024660	
[2]:0.728609	[5]:-0.208899	[8]:-0.652299	
Quat.euler: 0.081713
Euler from Quaternions: 0.048133, 0.081804, 2.410957
Euler from CTM: 0.047135, 0.081804, 2.237265

 *****************  TC_INS/GNSS ENDS **************************

 *****************  INSGNSS CORE ENDS *************************
KEEP UPDATING INS 
GNSS.INSPREV.INS.TIMES.DIFF: 242208.999718, 242208.354000, 242208.360000, 0.639718
Stationary_detection.IS MOVING
LEVELLING.KINE, -1.507380, 0.359414, -9.699963

 *****************  INSGNSS CORE BEGINS ***********************
OLD TIME: 242208.359375, 242208.359375, 242208.359375
Clock OFF and DRIFT: 84514.170772, -67.135583
ERROR GEOM.
ERROR GEOM.
ERROR GEOM.

 *****************  TC_INS/GNSS BEGINS ************************
att: 0.000305, vel: 0.010000, pos: 100.000000
att: 0.000305, vel: 0.010000, pos: 100.000000
att: 0.000305, vel: 0.010000, pos: 100.000000

 *****************  NAV_EQUATIONS BEGINS ************************
NAVIGATION EQUATIONS
OLD_P: 1761245.201895, -4078198.567237, 4561437.506457
OLD_V: -3.997168, 0.731214, -0.640377
ACC: -1.507380, 0.359414, -9.699963
GYR: 0.013763, 0.004842, 0.158395
new_C_b_e: 0.635643, -0.255117, 0.728611
-0.148503, -0.966598, -0.208891
0.757565, 0.024579, -0.652297
tor_i: 0.000625 
C_b_e: 0.635687, -0.254964, 0.728625
-0.148352, -0.966636, -0.208821
0.757558, 0.024652, -0.652303

 *****************  NAV_EQUATIONS ENDS **************************
GNSS-INS DIFF: 0.639718
[0]:0.635687	[3]:-0.148352	[6]:0.757558	
[1]:-0.254964	[4]:-0.966636	[7]:0.024652	
[2]:0.728625	[5]:-0.208821	[8]:-0.652303	
Quat.euler: 0.081715
Euler from Quaternions: 0.048114, 0.081806, 2.410884
Euler from CTM: 0.047118, 0.081806, 2.237166

 *****************  TC_INS/GNSS ENDS **************************

 *****************  INSGNSS CORE ENDS *************************
KEEP UPDATING INS 
GNSS.INSPREV.INS.TIMES.DIFF: 242208.999718, 242208.360000, 242208.367000, 0.632718
Stationary_detection.IS MOVING
LEVELLING.KINE, -1.379207, 0.151846, -9.946807

 *****************  INSGNSS CORE BEGINS ***********************
OLD TIME: 242208.359375, 242208.359375, 242208.359375
Clock OFF and DRIFT: 84514.170772, -67.135583
ERROR GEOM.
ERROR GEOM.
ERROR GEOM.

 *****************  TC_INS/GNSS BEGINS ************************
att: 0.000305, vel: 0.010000, pos: 100.000000
att: 0.000305, vel: 0.010000, pos: 100.000000
att: 0.000305, vel: 0.010000, pos: 100.000000

 *****************  NAV_EQUATIONS BEGINS ************************
NAVIGATION EQUATIONS
OLD_P: 1761245.199744, -4078198.567589, 4561437.506969
OLD_V: -4.004082, 0.735000, -0.641561
ACC: -1.379207, 0.151846, -9.946807
GYR: 0.006924, 0.007638, 0.157514
new_C_b_e: 0.635338, -0.255689, 0.728676
-0.149501, -0.966468, -0.208779
0.757625, 0.023708, -0.652260
tor_i: 0.007625 
C_b_e: 0.635910, -0.253802, 0.728839
-0.147628, -0.966945, -0.207912
0.757513, 0.024616, -0.652356

 *****************  NAV_EQUATIONS ENDS **************************
GNSS-INS DIFF: 0.632718
[0]:0.635910	[3]:-0.147628	[6]:0.757513	
[1]:-0.253802	[4]:-0.966945	[7]:0.024616	
[2]:0.728839	[5]:-0.207912	[8]:-0.652356	
Quat.euler: 0.081713
Euler from Quaternions: 0.047955, 0.081804, 2.410058
Euler from CTM: 0.046967, 0.081804, 2.235959

 *****************  TC_INS/GNSS ENDS **************************

 *****************  INSGNSS CORE ENDS *************************
KEEP UPDATING INS 
GNSS.INSPREV.INS.TIMES.DIFF: 242208.999718, 242208.367000, 242208.374000, 0.625718
Stationary_detection.IS MOVING
LEVELLING.KINE, -1.438753, 0.222660, -10.066791

 *****************  INSGNSS CORE BEGINS ***********************
OLD TIME: 242208.359375, 242208.359375, 242208.359375
Clock OFF and DRIFT: 84514.170772, -67.135583
ERROR GEOM.
ERROR GEOM.
ERROR GEOM.

 *****************  TC_INS/GNSS BEGINS ************************
att: 0.000305, vel: 0.010000, pos: 100.000000
att: 0.000305, vel: 0.010000, pos: 100.000000
att: 0.000305, vel: 0.010000, pos: 100.000000

 *****************  NAV_EQUATIONS BEGINS ************************
NAVIGATION EQUATIONS
OLD_P: 1761245.173230, -4078198.571856, 4561437.513349
OLD_V: -4.089010, 0.782419, -0.653739
ACC: -1.438753, 0.222660, -10.066791
GYR: 0.012385, 0.009686, 0.158250
new_C_b_e: 0.635217, -0.255141, 0.728974
-0.149836, -0.966636, -0.207758
0.757660, 0.022745, -0.652253
tor_i: 0.014625 
C_b_e: 0.636360, -0.251560, 0.729229
-0.146292, -0.967538, -0.206107
0.757396, 0.024478, -0.652497

 *****************  NAV_EQUATIONS ENDS **************************
GNSS-INS DIFF: 0.625718
[0]:0.636360	[3]:-0.146292	[6]:0.757396	
[1]:-0.251560	[4]:-0.967538	[7]:0.024478	
[2]:0.729229	[5]:-0.206107	[8]:-0.652497	
Quat.euler: 0.081681
Euler from Quaternions: 0.047564, 0.081772, 2.408423
Euler from CTM: 0.046596, 0.081772, 2.233632

 *****************  TC_INS/GNSS ENDS **************************

 *****************  INSGNSS CORE ENDS *************************
KEEP UPDATING INS 
GNSS.INSPREV.INS.TIMES.DIFF: 242208.999718, 242208.374000, 242208.380000, 0.619718
Stationary_detection.IS MOVING
LEVELLING.KINE, -1.388867, 0.339644, -9.800589

 *****************  INSGNSS CORE BEGINS ***********************
OLD TIME: 242208.375000, 242208.375000, 242208.375000
Clock OFF and DRIFT: 84514.170772, -67.135583
ERROR GEOM.
ERROR GEOM.
ERROR GEOM.

 *****************  TC_INS/GNSS BEGINS ************************
att: 0.000305, vel: 0.010000, pos: 100.000000
att: 0.000305, vel: 0.010000, pos: 100.000000
att: 0.000305, vel: 0.010000, pos: 100.000000

 *****************  NAV_EQUATIONS BEGINS ************************
NAVIGATION EQUATIONS
OLD_P: 1761245.120915, -4078198.579883, 4561437.526285
OLD_V: -4.253937, 0.872528, -0.676796
ACC: -1.388867, 0.339644, -9.800589
GYR: 0.018661, 0.008309, 0.159364
new_C_b_e: 0.636125, -0.251998, 0.729275
-0.147054, -0.967435, -0.206022
0.757443, 0.023813, -0.652467
tor_i: 0.005000 
C_b_e: 0.636504, -0.250786, 0.729362
-0.145855, -0.967736, -0.205464
0.757357, 0.024398, -0.652546

 *****************  NAV_EQUATIONS ENDS **************************
GNSS-INS DIFF: 0.619718
[0]:0.636504	[3]:-0.145855	[6]:0.757357	
[1]:-0.250786	[4]:-0.967736	[7]:0.024398	
[2]:0.729362	[5]:-0.205464	[8]:-0.652546	
Quat.euler: 0.081676
Euler from Quaternions: 0.047392, 0.081767, 2.407838
Euler from CTM: 0.046438, 0.081767, 2.232831

 *****************  TC_INS/GNSS ENDS **************************

 *****************  INSGNSS CORE ENDS *************************
KEEP UPDATING INS 
GNSS.INSPREV.INS.TIMES.DIFF: 242208.999718, 242208.380000, 242208.387000, 0.612718
Stationary_detection.IS MOVING
LEVELLING.KINE, -1.212857, 0.295670, -9.432536

 *****************  INSGNSS CORE BEGINS ***********************
OLD TIME: 242208.375000, 242208.375000, 242208.375000
Clock OFF and DRIFT: 84514.170772, -67.135583
ERROR GEOM.
ERROR GEOM.
ERROR GEOM.

 *****************  TC_INS/GNSS BEGINS ************************
att: 0.000305, vel: 0.010000, pos: 100.000000
att: 0.000305, vel: 0.010000, pos: 100.000000
att: 0.000305, vel: 0.010000, pos: 100.000000

 *****************  NAV_EQUATIONS BEGINS ************************
NAVIGATION EQUATIONS
OLD_P: 1761245.102590, -4078198.582582, 4561437.530916
OLD_V: -4.309237, 0.902728, -0.685480
ACC: -1.212857, 0.295670, -9.432536
GYR: 0.005397, 0.007758, 0.158342
new_C_b_e: 0.635958, -0.251949, 0.729437
-0.147674, -0.967469, -0.205415
0.757462, 0.022916, -0.652476
tor_i: 0.012000 
C_b_e: 0.636853, -0.248945, 0.729693
-0.144694, -0.968215, -0.204036
0.757288, 0.024359, -0.652627

 *****************  NAV_EQUATIONS ENDS **************************
GNSS-INS DIFF: 0.612718
[0]:0.636853	[3]:-0.144694	[6]:0.757288	
[1]:-0.248945	[4]:-0.968215	[7]:0.024359	
[2]:0.729693	[5]:-0.204036	[8]:-0.652627	
Quat.euler: 0.081672
Euler from Quaternions: 0.047161, 0.081763, 2.406544
Euler from CTM: 0.046218, 0.081762, 2.230922

 *****************  TC_INS/GNSS ENDS **************************

 *****************  INSGNSS CORE ENDS *************************
KEEP UPDATING INS 
GNSS.INSPREV.INS.TIMES.DIFF: 242208.999718, 242208.387000, 242208.394000, 0.605718
Stationary_detection.IS MOVING
LEVELLING.KINE, -1.244797, 0.208411, -9.414345

 *****************  INSGNSS CORE BEGINS ***********************
OLD TIME: 242208.390625, 242208.390625, 242208.390625
Clock OFF and DRIFT: 84514.170772, -67.135583
ERROR GEOM.
ERROR GEOM.
ERROR GEOM.

 *****************  TC_INS/GNSS BEGINS ************************
att: 0.000305, vel: 0.010000, pos: 100.000000
att: 0.000305, vel: 0.010000, pos: 100.000000
att: 0.000305, vel: 0.010000, pos: 100.000000

 *****************  NAV_EQUATIONS BEGINS ************************
NAVIGATION EQUATIONS
OLD_P: 1761245.057738, -4078198.588973, 4561437.542443
OLD_V: -4.437187, 0.975293, -0.707548
ACC: -1.244797, 0.208411, -9.414345
GYR: 0.001781, 0.009676, 0.157430
new_C_b_e: 0.636694, -0.249278, 0.729713
-0.145201, -0.968136, -0.204034
0.757322, 0.023953, -0.652602
tor_i: 0.003375 
C_b_e: 0.636952, -0.248429, 0.729778
-0.144359, -0.968344, -0.203644
0.757267, 0.024361, -0.652651

 *****************  NAV_EQUATIONS ENDS **************************
GNSS-INS DIFF: 0.605718
[0]:0.636952	[3]:-0.144359	[6]:0.757267	
[1]:-0.248429	[4]:-0.968344	[7]:0.024361	
[2]:0.729778	[5]:-0.203644	[8]:-0.652651	
Quat.euler: 0.081663
Euler from Quaternions: 0.047108, 0.081754, 2.406181
Euler from CTM: 0.046168, 0.081754, 2.230387

 *****************  TC_INS/GNSS ENDS **************************

 *****************  INSGNSS CORE ENDS *************************
KEEP UPDATING INS 
GNSS.INSPREV.INS.TIMES.DIFF: 242208.999718, 242208.394000, 242208.400000, 0.599718
Stationary_detection.IS MOVING
LEVELLING.KINE, -1.378923, 0.062213, -9.505380

 *****************  INSGNSS CORE BEGINS ***********************
OLD TIME: 242208.390625, 242208.390625, 242208.390625
Clock OFF and DRIFT: 84514.170772, -67.135583
ERROR GEOM.
ERROR GEOM.
ERROR GEOM.

 *****************  TC_INS/GNSS BEGINS ************************
att: 0.000305, vel: 0.010000, pos: 100.000000
att: 0.000305, vel: 0.010000, pos: 100.000000
att: 0.000305, vel: 0.010000, pos: 100.000000

 *****************  NAV_EQUATIONS BEGINS ************************
NAVIGATION EQUATIONS
OLD_P: 1761245.044905, -4078198.590748, 4561437.545788
OLD_V: -4.473150, 0.996009, -0.713811
ACC: -1.378923, 0.062213, -9.505380
GYR: 0.006948, 0.009054, 0.156501
new_C_b_e: 0.636525, -0.249316, 0.729848
-0.145763, -0.968144, -0.203593
0.757357, 0.023208, -0.652589
tor_i: 0.009375 
C_b_e: 0.637229, -0.247006, 0.730022
-0.143473, -0.968711, -0.202531
0.757203, 0.024320, -0.652727

 *****************  NAV_EQUATIONS ENDS **************************
GNSS-INS DIFF: 0.599718
[0]:0.637229	[3]:-0.143473	[6]:0.757203	
[1]:-0.247006	[4]:-0.968711	[7]:0.024320	
[2]:0.730022	[5]:-0.202531	[8]:-0.652727	
Quat.euler: 0.081647
Euler from Quaternions: 0.046914, 0.081738, 2.405171
Euler from CTM: 0.045983, 0.081737, 2.228912

 *****************  TC_INS/GNSS ENDS **************************

 *****************  INSGNSS CORE ENDS *************************
KEEP UPDATING INS 
GNSS.INSPREV.INS.TIMES.DIFF: 242208.999718, 242208.400000, 242208.407000, 0.592718
Stationary_detection.IS MOVING
LEVELLING.KINE, -1.305196, 0.044091, -9.517148

 *****************  INSGNSS CORE BEGINS ***********************
OLD TIME: 242208.406250, 242208.406250, 242208.406250
Clock OFF and DRIFT: 84514.170772, -67.135583
ERROR GEOM.
ERROR GEOM.
ERROR GEOM.

 *****************  TC_INS/GNSS BEGINS ************************
att: 0.000305, vel: 0.010000, pos: 100.000000
att: 0.000305, vel: 0.010000, pos: 100.000000
att: 0.000305, vel: 0.010000, pos: 100.000000

 *****************  NAV_EQUATIONS BEGINS ************************
NAVIGATION EQUATIONS
OLD_P: 1761245.008751, -4078198.595620, 4561437.555327
OLD_V: -4.574297, 1.055165, -0.731286
ACC: -1.305196, 0.044091, -9.517148
GYR: 0.007478, 0.007427, 0.155721
new_C_b_e: 0.637194, -0.247075, 0.730025
-0.143585, -0.968693, -0.202526
0.757210, 0.024228, -0.652722
tor_i: 0.000750 
C_b_e: 0.637248, -0.246892, 0.730040
-0.143403, -0.968738, -0.202441
0.757199, 0.024316, -0.652732

 *****************  NAV_EQUATIONS ENDS **************************
GNSS-INS DIFF: 0.592718
[0]:0.637248	[3]:-0.143403	[6]:0.757199	
[1]:-0.246892	[4]:-0.968738	[7]:0.024316	
[2]:0.730040	[5]:-0.202441	[8]:-0.652732	
Quat.euler: 0.081646
Euler from Quaternions: 0.046897, 0.081737, 2.405087
Euler from CTM: 0.045968, 0.081737, 2.228795

 *****************  TC_INS/GNSS ENDS **************************

 *****************  INSGNSS CORE ENDS *************************
KEEP UPDATING INS 
GNSS.INSPREV.INS.TIMES.DIFF: 242208.999718, 242208.407000, 242208.414000, 0.585718
Stationary_detection.IS MOVING
LEVELLING.KINE, -1.387102, 0.270360, -9.475097

 *****************  INSGNSS CORE BEGINS ***********************
OLD TIME: 242208.406250, 242208.406250, 242208.406250
Clock OFF and DRIFT: 84514.170772, -67.135583
ERROR GEOM.
ERROR GEOM.
ERROR GEOM.

 *****************  TC_INS/GNSS BEGINS ************************
att: 0.000305, vel: 0.010000, pos: 100.000000
att: 0.000305, vel: 0.010000, pos: 100.000000
att: 0.000305, vel: 0.010000, pos: 100.000000

 *****************  NAV_EQUATIONS BEGINS ************************
NAVIGATION EQUATIONS
OLD_P: 1761245.005827, -4078198.596006, 4561437.556106
OLD_V: -4.582358, 1.059895, -0.732635
ACC: -1.387102, 0.270360, -9.475097
GYR: 0.009285, 0.008064, 0.157990
new_C_b_e: 0.636900, -0.247620, 0.730098
-0.144576, -0.968576, -0.202381
0.757269, 0.023342, -0.652686
tor_i: 0.007750 
C_b_e: 0.637472, -0.245704, 0.730248
-0.142676, -0.969043, -0.201501
0.757149, 0.024262, -0.652792

 *****************  NAV_EQUATIONS ENDS **************************
GNSS-INS DIFF: 0.585718
[0]:0.637472	[3]:-0.142676	[6]:0.757149	
[1]:-0.245704	[4]:-0.969043	[7]:0.024262	
[2]:0.730248	[5]:-0.201501	[8]:-0.652792	
Quat.euler: 0.081640
Euler from Quaternions: 0.046715, 0.081731, 2.404238
Euler from CTM: 0.045796, 0.081731, 2.227565

 *****************  TC_INS/GNSS ENDS **************************

 *****************  INSGNSS CORE ENDS *************************
KEEP UPDATING INS 
GNSS.INSPREV.INS.TIMES.DIFF: 242208.999718, 242208.414000, 242208.420000, 0.579718
Stationary_detection.IS MOVING
LEVELLING.KINE, -1.641898, 0.325277, -9.316916

 *****************  INSGNSS CORE BEGINS ***********************
OLD TIME: 242208.406250, 242208.406250, 242208.406250
Clock OFF and DRIFT: 84514.170772, -67.135583
ERROR GEOM.
ERROR GEOM.
ERROR GEOM.

 *****************  TC_INS/GNSS BEGINS ************************
att: 0.000305, vel: 0.010000, pos: 100.000000
att: 0.000305, vel: 0.010000, pos: 100.000000
att: 0.000305, vel: 0.010000, pos: 100.000000

 *****************  NAV_EQUATIONS BEGINS ************************
NAVIGATION EQUATIONS
OLD_P: 1761244.975326, -4078198.599967, 4561437.564286
OLD_V: -4.666064, 1.107242, -0.747604
ACC: -1.641898, 0.325277, -9.316916
GYR: 0.005603, 0.006556, 0.156827
new_C_b_e: 0.636874, -0.247022, 0.730323
-0.144748, -0.968747, -0.201439
0.757258, 0.022579, -0.652725
tor_i: 0.013750 
C_b_e: 0.637848, -0.243612, 0.730624
-0.141359, -0.969575, -0.199876
0.757080, 0.024210, -0.652873

 *****************  NAV_EQUATIONS ENDS **************************
GNSS-INS DIFF: 0.579718
[0]:0.637848	[3]:-0.141359	[6]:0.757080	
[1]:-0.243612	[4]:-0.969575	[7]:0.024210	
[2]:0.730624	[5]:-0.199876	[8]:-0.652873	
Quat.euler: 0.081649
Euler from Quaternions: 0.046449, 0.081740, 2.402775
Euler from CTM: 0.045543, 0.081740, 2.225398

 *****************  TC_INS/GNSS ENDS **************************

 *****************  INSGNSS CORE ENDS *************************
KEEP UPDATING INS 
GNSS.INSPREV.INS.TIMES.DIFF: 242208.999718, 242208.420000, 242208.427000, 0.572718
Stationary_detection.IS MOVING
LEVELLING.KINE, -1.615763, 0.167713, -9.214574

 *****************  INSGNSS CORE BEGINS ***********************
OLD TIME: 242208.421875, 242208.421875, 242208.421875
Clock OFF and DRIFT: 84514.170772, -67.135583
ERROR GEOM.
ERROR GEOM.
ERROR GEOM.

 *****************  TC_INS/GNSS BEGINS ************************
att: 0.000305, vel: 0.010000, pos: 100.000000
att: 0.000305, vel: 0.010000, pos: 100.000000
att: 0.000305, vel: 0.010000, pos: 100.000000

 *****************  NAV_EQUATIONS BEGINS ************************
NAVIGATION EQUATIONS
OLD_P: 1761244.919955, -4078198.606884, 4561437.579380
OLD_V: -4.815264, 1.191410, -0.778285
ACC: -1.615763, 0.167713, -9.214574
GYR: 0.003601, 0.003676, 0.155699
new_C_b_e: 0.637637, -0.244106, 0.730638
-0.142129, -0.969461, -0.199860
0.757112, 0.023594, -0.652859
tor_i: 0.005125 
C_b_e: 0.637972, -0.242836, 0.730769
-0.140863, -0.969766, -0.199280
0.757066, 0.024197, -0.652890

 *****************  NAV_EQUATIONS ENDS **************************
GNSS-INS DIFF: 0.572718
[0]:0.637972	[3]:-0.140863	[6]:0.757066	
[1]:-0.242836	[4]:-0.969766	[7]:0.024197	
[2]:0.730769	[5]:-0.199280	[8]:-0.652890	
Quat.euler: 0.081666
Euler from Quaternions: 0.046359, 0.081757, 2.402236
Euler from CTM: 0.045459, 0.081757, 2.224598

 *****************  TC_INS/GNSS ENDS **************************

 *****************  INSGNSS CORE ENDS *************************
KEEP UPDATING INS 
GNSS.INSPREV.INS.TIMES.DIFF: 242208.999718, 242208.427000, 242208.434000, 0.565718
Stationary_detection.IS MOVING
LEVELLING.KINE, -1.513490, 0.152229, -9.479255

 *****************  INSGNSS CORE BEGINS ***********************
OLD TIME: 242208.421875, 242208.421875, 242208.421875
Clock OFF and DRIFT: 84514.170772, -67.135583
ERROR GEOM.
ERROR GEOM.
ERROR GEOM.

 *****************  TC_INS/GNSS BEGINS ************************
att: 0.000305, vel: 0.010000, pos: 100.000000
att: 0.000305, vel: 0.010000, pos: 100.000000
att: 0.000305, vel: 0.010000, pos: 100.000000

 *****************  NAV_EQUATIONS BEGINS ************************
NAVIGATION EQUATIONS
OLD_P: 1761244.898906, -4078198.609428, 4561437.585194
OLD_V: -4.870277, 1.223529, -0.789800
ACC: -1.513490, 0.152229, -9.479255
GYR: 0.003173, 0.004438, 0.156429
new_C_b_e: 0.637471, -0.244018, 0.730812
-0.142692, -0.969504, -0.199251
0.757146, 0.022736, -0.652850
tor_i: 0.012125 
C_b_e: 0.638281, -0.240995, 0.731113
-0.139682, -0.970229, -0.197869
0.757026, 0.024173, -0.652937

 *****************  NAV_EQUATIONS ENDS **************************
GNSS-INS DIFF: 0.565718
[0]:0.638281	[3]:-0.139682	[6]:0.757026	
[1]:-0.240995	[4]:-0.970229	[7]:0.024173	
[2]:0.731113	[5]:-0.197869	[8]:-0.652937	
Quat.euler: 0.081699
Euler from Quaternions: 0.046156, 0.081790, 2.400973
Euler from CTM: 0.045266, 0.081790, 2.222693

 *****************  TC_INS/GNSS ENDS **************************

 *****************  INSGNSS CORE ENDS *************************
KEEP UPDATING INS 
GNSS.INSPREV.INS.TIMES.DIFF: 242208.999718, 242208.434000, 242208.440000, 0.559718
Stationary_detection.IS MOVING
LEVELLING.KINE, -1.545861, 0.178305, -9.803218

 *****************  INSGNSS CORE BEGINS ***********************
OLD TIME: 242208.437500, 242208.437500, 242208.437500
Clock OFF and DRIFT: 84514.170772, -67.135583
ERROR GEOM.
ERROR GEOM.
ERROR GEOM.

 *****************  TC_INS/GNSS BEGINS ************************
att: 0.000305, vel: 0.010000, pos: 100.000000
att: 0.000305, vel: 0.010000, pos: 100.000000
att: 0.000305, vel: 0.010000, pos: 100.000000

 *****************  NAV_EQUATIONS BEGINS ************************
NAVIGATION EQUATIONS
OLD_P: 1761244.848221, -4078198.615356, 4561437.599369
OLD_V: -5.002039, 1.299306, -0.814004
ACC: -1.545861, 0.178305, -9.803218
GYR: -0.002602, 0.005792, 0.154585
new_C_b_e: 0.638175, -0.241246, 0.731118
-0.140053, -0.970170, -0.197877
0.757045, 0.023885, -0.652925
tor_i: 0.002500 
C_b_e: 0.638344, -0.240619, 0.731177
-0.139429, -0.970318, -0.197590
0.757018, 0.024183, -0.652946

 *****************  NAV_EQUATIONS ENDS **************************
GNSS-INS DIFF: 0.559718
[0]:0.638344	[3]:-0.139429	[6]:0.757018	
[1]:-0.240619	[4]:-0.970318	[7]:0.024183	
[2]:0.731177	[5]:-0.197590	[8]:-0.652946	
Quat.euler: 0.081702
Euler from Quaternions: 0.046129, 0.081793, 2.400716
Euler from CTM: 0.045241, 0.081793, 2.222305

 *****************  TC_INS/GNSS ENDS **************************

 *****************  INSGNSS CORE ENDS *************************
KEEP UPDATING INS 
GNSS.INSPREV.INS.TIMES.DIFF: 242208.999718, 242208.440000, 242208.447000, 0.552718
Stationary_detection.IS MOVING
LEVELLING.KINE, -1.463917, 0.056653, -9.774661

 *****************  INSGNSS CORE BEGINS ***********************
OLD TIME: 242208.437500, 242208.437500, 242208.437500
Clock OFF and DRIFT: 84514.170772, -67.135583
ERROR GEOM.
ERROR GEOM.
ERROR GEOM.

 *****************  TC_INS/GNSS BEGINS ************************
att: 0.000305, vel: 0.010000, pos: 100.000000
att: 0.000305, vel: 0.010000, pos: 100.000000
att: 0.000305, vel: 0.010000, pos: 100.000000

 *****************  NAV_EQUATIONS BEGINS ************************
NAVIGATION EQUATIONS
OLD_P: 1761244.837613, -4078198.616562, 4561437.602366
OLD_V: -5.029881, 1.314860, -0.818538
ACC: -1.463917, 0.056653, -9.774661
GYR: 0.003504, 0.003828, 0.153721
new_C_b_e: 0.637965, -0.241527, 0.731208
-0.140839, -0.970120, -0.197563
0.757077, 0.023056, -0.652919
tor_i: 0.009500 
C_b_e: 0.638576, -0.239201, 0.731443
-0.138522, -0.970672, -0.196501
0.756991, 0.024160, -0.652979

 *****************  NAV_EQUATIONS ENDS **************************
GNSS-INS DIFF: 0.552718
[0]:0.638576	[3]:-0.138522	[6]:0.756991	
[1]:-0.239201	[4]:-0.970672	[7]:0.024160	
[2]:0.731443	[5]:-0.196501	[8]:-0.652979	
Quat.euler: 0.081731
Euler from Quaternions: 0.045969, 0.081823, 2.399744
Euler from CTM: 0.045088, 0.081822, 2.220839

 *****************  TC_INS/GNSS ENDS **************************

 *****************  INSGNSS CORE ENDS *************************
KEEP UPDATING INS 
GNSS.INSPREV.INS.TIMES.DIFF: 242208.999718, 242208.447000, 242208.454000, 0.545718
Stationary_detection.IS MOVING
LEVELLING.KINE, -1.268333, 0.018319, -9.719783

 *****************  INSGNSS CORE BEGINS ***********************
OLD TIME: 242208.453125, 242208.453125, 242208.453125
Clock OFF and DRIFT: 84514.170772, -67.135583
ERROR GEOM.
ERROR GEOM.
ERROR GEOM.

 *****************  TC_INS/GNSS BEGINS ************************
att: 0.000305, vel: 0.010000, pos: 100.000000
att: 0.000305, vel: 0.010000, pos: 100.000000
att: 0.000305, vel: 0.010000, pos: 100.000000

 *****************  NAV_EQUATIONS BEGINS ************************
NAVIGATION EQUATIONS
OLD_P: 1761244.796804, -4078198.621090, 4561437.613996
OLD_V: -5.134814, 1.374900, -0.835144
ACC: -1.268333, 0.018319, -9.719783
GYR: 0.007140, 0.003954, 0.152292
new_C_b_e: 0.638540, -0.239281, 0.731445
-0.138650, -0.970652, -0.196495
0.756996, 0.024055, -0.652976
tor_i: 0.000875 
C_b_e: 0.638595, -0.239071, 0.731465
-0.138441, -0.970702, -0.196399
0.756988, 0.024155, -0.652983

 *****************  NAV_EQUATIONS ENDS **************************
GNSS-INS DIFF: 0.545718
[0]:0.638595	[3]:-0.138441	[6]:0.756988	
[1]:-0.239071	[4]:-0.970702	[7]:0.024155	
[2]:0.731465	[5]:-0.196399	[8]:-0.652983	
Quat.euler: 0.081734
Euler from Quaternions: 0.045950, 0.081825, 2.399650
Euler from CTM: 0.045071, 0.081825, 2.220706

 *****************  TC_INS/GNSS ENDS **************************

 *****************  INSGNSS CORE ENDS *************************
KEEP UPDATING INS 
GNSS.INSPREV.INS.TIMES.DIFF: 242208.999718, 242208.454000, 242208.460000, 0.539718
Stationary_detection.IS MOVING
LEVELLING.KINE, -1.226390, 0.182629, -9.809190

 *****************  INSGNSS CORE BEGINS ***********************
OLD TIME: 242208.453125, 242208.453125, 242208.453125
Clock OFF and DRIFT: 84514.170772, -67.135583
ERROR GEOM.
ERROR GEOM.
ERROR GEOM.

 *****************  TC_INS/GNSS BEGINS ************************
att: 0.000305, vel: 0.010000, pos: 100.000000
att: 0.000305, vel: 0.010000, pos: 100.000000
att: 0.000305, vel: 0.010000, pos: 100.000000

 *****************  NAV_EQUATIONS BEGINS ************************
NAVIGATION EQUATIONS
OLD_P: 1761244.793006, -4078198.621503, 4561437.615086
OLD_V: -5.144328, 1.380421, -0.836573
ACC: -1.226390, 0.182629, -9.809190
GYR: 0.010605, 0.006249, 0.152006
new_C_b_e: 0.638314, -0.239685, 0.731510
-0.139447, -0.970571, -0.196334
0.757040, 0.023316, -0.652952
tor_i: 0.006875 
C_b_e: 0.638773, -0.238055, 0.731643
-0.137828, -0.970954, -0.195587
0.756950, 0.024095, -0.653028

 *****************  NAV_EQUATIONS ENDS **************************
GNSS-INS DIFF: 0.539718
[0]:0.638773	[3]:-0.137828	[6]:0.756950	
[1]:-0.238055	[4]:-0.970954	[7]:0.024095	
[2]:0.731643	[5]:-0.195587	[8]:-0.653028	
Quat.euler: 0.081738
Euler from Quaternions: 0.045783, 0.081829, 2.398925
Euler from CTM: 0.044913, 0.081829, 2.219656

 *****************  TC_INS/GNSS ENDS **************************

 *****************  INSGNSS CORE ENDS *************************
KEEP UPDATING INS 
GNSS.INSPREV.INS.TIMES.DIFF: 242208.999718, 242208.460000, 242208.467000, 0.532718
Stationary_detection.IS MOVING
LEVELLING.KINE, -1.340893, 0.294709, -9.922408

 *****************  INSGNSS CORE BEGINS ***********************
OLD TIME: 242208.453125, 242208.453125, 242208.453125
Clock OFF and DRIFT: 84514.170772, -67.135583
ERROR GEOM.
ERROR GEOM.
ERROR GEOM.

 *****************  TC_INS/GNSS BEGINS ************************
att: 0.000305, vel: 0.010000, pos: 100.000000
att: 0.000305, vel: 0.010000, pos: 100.000000
att: 0.000305, vel: 0.010000, pos: 100.000000

 *****************  NAV_EQUATIONS BEGINS ************************
NAVIGATION EQUATIONS
OLD_P: 1761244.762930, -4078198.624717, 4561437.623767
OLD_V: -5.219524, 1.422620, -0.847411
ACC: -1.340893, 0.294709, -9.922408
GYR: 0.009531, 0.008228, 0.152371
new_C_b_e: 0.638184, -0.239309, 0.731746
-0.139859, -0.970685, -0.195475
0.757074, 0.022408, -0.652945
tor_i: 0.013875 
C_b_e: 0.639151, -0.235999, 0.731983
-0.136577, -0.971462, -0.193954
0.756859, 0.023994, -0.653138

 *****************  NAV_EQUATIONS ENDS **************************
GNSS-INS DIFF: 0.532718
[0]:0.639151	[3]:-0.136577	[6]:0.756859	
[1]:-0.235999	[4]:-0.971462	[7]:0.023994	
[2]:0.731983	[5]:-0.193954	[8]:-0.653138	
Quat.euler: 0.081719
Euler from Quaternions: 0.045461, 0.081810, 2.397460
Euler from CTM: 0.044608, 0.081810, 2.217531

 *****************  TC_INS/GNSS ENDS **************************

 *****************  INSGNSS CORE ENDS *************************
KEEP UPDATING INS 
GNSS.INSPREV.INS.TIMES.DIFF: 242208.999718, 242208.467000, 242208.474000, 0.525718
Stationary_detection.IS MOVING
LEVELLING.KINE, -1.355161, 0.215325, -9.992447

 *****************  INSGNSS CORE BEGINS ***********************
OLD TIME: 242208.468750, 242208.468750, 242208.468750
Clock OFF and DRIFT: 84514.170772, -67.135583
ERROR GEOM.
ERROR GEOM.
ERROR GEOM.

 *****************  TC_INS/GNSS BEGINS ************************
att: 0.000305, vel: 0.010000, pos: 100.000000
att: 0.000305, vel: 0.010000, pos: 100.000000
att: 0.000305, vel: 0.010000, pos: 100.000000

 *****************  NAV_EQUATIONS BEGINS ************************
NAVIGATION EQUATIONS
OLD_P: 1761244.700959, -4078198.631071, 4561437.641892
OLD_V: -5.373696, 1.506606, -0.869721
ACC: -1.355161, 0.215325, -9.992447
GYR: -0.000320, 0.008970, 0.150816
new_C_b_e: 0.638927, -0.236506, 0.732009
-0.137337, -0.971348, -0.193962
0.756909, 0.023396, -0.653101
tor_i: 0.005250 
C_b_e: 0.639292, -0.235228, 0.732103
-0.136069, -0.971644, -0.193375
0.756830, 0.024007, -0.653171

 *****************  NAV_EQUATIONS ENDS **************************
GNSS-INS DIFF: 0.525718
[0]:0.639292	[3]:-0.136069	[6]:0.756830	
[1]:-0.235228	[4]:-0.971644	[7]:0.024007	
[2]:0.732103	[5]:-0.193375	[8]:-0.653171	
Quat.euler: 0.081707
Euler from Quaternions: 0.045394, 0.081798, 2.396928
Euler from CTM: 0.044545, 0.081798, 2.216735

 *****************  TC_INS/GNSS ENDS **************************

 *****************  INSGNSS CORE ENDS *************************
KEEP UPDATING INS 
GNSS.INSPREV.INS.TIMES.DIFF: 242208.999718, 242208.474000, 242208.480000, 0.519718
Stationary_detection.IS MOVING
LEVELLING.KINE, -1.456091, 0.024585, -10.015306

 *****************  INSGNSS CORE BEGINS ***********************
OLD TIME: 242208.468750, 242208.468750, 242208.468750
Clock OFF and DRIFT: 84514.170772, -67.135583
ERROR GEOM.
ERROR GEOM.
ERROR GEOM.

 *****************  TC_INS/GNSS BEGINS ************************
att: 0.000305, vel: 0.010000, pos: 100.000000
att: 0.000305, vel: 0.010000, pos: 100.000000
att: 0.000305, vel: 0.010000, pos: 100.000000

 *****************  NAV_EQUATIONS BEGINS ************************
NAVIGATION EQUATIONS
OLD_P: 1761244.677065, -4078198.633430, 4561437.648962
OLD_V: -5.432297, 1.538788, -0.877890
ACC: -1.456091, 0.024585, -10.015306
GYR: 0.002700, 0.010375, 0.150404
new_C_b_e: 0.638807, -0.236288, 0.732184
-0.137690, -0.971418, -0.193362
0.756945, 0.022706, -0.653083
tor_i: 0.011250 
C_b_e: 0.639612, -0.233581, 0.732354
-0.135009, -0.972044, -0.192116
0.756751, 0.024005, -0.653262

 *****************  NAV_EQUATIONS ENDS **************************
GNSS-INS DIFF: 0.519718
[0]:0.639612	[3]:-0.135009	[6]:0.756751	
[1]:-0.233581	[4]:-0.972044	[7]:0.024005	
[2]:0.732354	[5]:-0.192116	[8]:-0.653262	
Quat.euler: 0.081666
Euler from Quaternions: 0.045219, 0.081758, 2.395786
Euler from CTM: 0.044376, 0.081757, 2.215033

 *****************  TC_INS/GNSS ENDS **************************

 *****************  INSGNSS CORE ENDS *************************
KEEP UPDATING INS 
GNSS.INSPREV.INS.TIMES.DIFF: 242208.999718, 242208.480000, 242208.487000, 0.512718
Stationary_detection.IS MOVING
LEVELLING.KINE, -1.573585, -0.016210, -9.919564

 *****************  INSGNSS CORE BEGINS ***********************
OLD TIME: 242208.484375, 242208.484375, 242208.484375
Clock OFF and DRIFT: 84514.170772, -67.135583
ERROR GEOM.
ERROR GEOM.
ERROR GEOM.

 *****************  TC_INS/GNSS BEGINS ************************
att: 0.000305, vel: 0.010000, pos: 100.000000
att: 0.000305, vel: 0.010000, pos: 100.000000
att: 0.000305, vel: 0.010000, pos: 100.000000

 *****************  NAV_EQUATIONS BEGINS ************************
NAVIGATION EQUATIONS
OLD_P: 1761244.625032, -4078198.638388, 4561437.664514
OLD_V: -5.558497, 1.610082, -0.895641
ACC: -1.573585, -0.016210, -9.919564
GYR: 0.006311, 0.010046, 0.149609
new_C_b_e: 0.639498, -0.233819, 0.732373
-0.135386, -0.971991, -0.192103
0.756778, 0.023697, -0.653243
tor_i: 0.002625 
C_b_e: 0.639683, -0.233198, 0.732411
-0.134770, -0.972133, -0.191817
0.756732, 0.023995, -0.653285

 *****************  NAV_EQUATIONS ENDS **************************
GNSS-INS DIFF: 0.512718
[0]:0.639683	[3]:-0.134770	[6]:0.756732	
[1]:-0.233198	[4]:-0.972133	[7]:0.023995	
[2]:0.732411	[5]:-0.191817	[8]:-0.653285	
Quat.euler: 0.081657
Euler from Quaternions: 0.045167, 0.081748, 2.395511
Euler from CTM: 0.044327, 0.081748, 2.214638

 *****************  TC_INS/GNSS ENDS **************************

 *****************  INSGNSS CORE ENDS *************************
KEEP UPDATING INS 
GNSS.INSPREV.INS.TIMES.DIFF: 242208.999718, 242208.487000, 242208.494000, 0.505718
Stationary_detection.IS MOVING
LEVELLING.KINE, -1.426318, 0.161976, -9.968695

 *****************  INSGNSS CORE BEGINS ***********************
OLD TIME: 242208.484375, 242208.484375, 242208.484375
Clock OFF and DRIFT: 84514.170772, -67.135583
ERROR GEOM.
ERROR GEOM.
ERROR GEOM.

 *****************  TC_INS/GNSS BEGINS ************************
att: 0.000305, vel: 0.010000, pos: 100.000000
att: 0.000305, vel: 0.010000, pos: 100.000000
att: 0.000305, vel: 0.010000, pos: 100.000000

 *****************  NAV_EQUATIONS BEGINS ************************
NAVIGATION EQUATIONS
OLD_P: 1761244.612729, -4078198.639526, 4561437.668222
OLD_V: -5.587935, 1.626893, -0.900151
ACC: -1.426318, 0.161976, -9.968695
GYR: 0.009118, 0.009628, 0.148628
new_C_b_e: 0.639280, -0.234049, 0.732490
-0.136143, -0.971956, -0.191745
0.756826, 0.022855, -0.653217
tor_i: 0.009625 
C_b_e: 0.639946, -0.231804, 0.732625
-0.133921, -0.972470, -0.190712
0.756661, 0.023932, -0.653369

 *****************  NAV_EQUATIONS ENDS **************************
GNSS-INS DIFF: 0.505718
[0]:0.639946	[3]:-0.133921	[6]:0.756661	
[1]:-0.231804	[4]:-0.972470	[7]:0.023932	
[2]:0.732625	[5]:-0.190712	[8]:-0.653369	
Quat.euler: 0.081628
Euler from Quaternions: 0.044952, 0.081719, 2.394517
Euler from CTM: 0.044122, 0.081719, 2.213200

 *****************  TC_INS/GNSS ENDS **************************

 *****************  INSGNSS CORE ENDS *************************
KEEP UPDATING INS 
GNSS.INSPREV.INS.TIMES.DIFF: 242208.999718, 242208.494000, 242208.500000, 0.499718
Stationary_detection.IS MOVING
LEVELLING.KINE, -1.531132, 0.194005, -10.043785

 *****************  INSGNSS CORE BEGINS ***********************
OLD TIME: 242208.500000, 242208.500000, 242208.500000
Clock OFF and DRIFT: 84514.170772, -67.135583
ERROR GEOM.
ERROR GEOM.
ERROR GEOM.

 *****************  TC_INS/GNSS BEGINS ************************
att: 0.000305, vel: 0.010000, pos: 100.000000
att: 0.000305, vel: 0.010000, pos: 100.000000
att: 0.000305, vel: 0.010000, pos: 100.000000

 *****************  NAV_EQUATIONS BEGINS ************************
NAVIGATION EQUATIONS
OLD_P: 1761244.567090, -4078198.643641, 4561437.682072
OLD_V: -5.695557, 1.686520, -0.915667
ACC: -1.531132, 0.194005, -10.043785
GYR: 0.008818, 0.011047, 0.147346
new_C_b_e: 0.639945, -0.231804, 0.732624
-0.133920, -0.972468, -0.190712
0.756661, 0.023932, -0.653369
tor_i: 0.000000 
C_b_e: 0.639945, -0.231804, 0.732624
-0.133920, -0.972468, -0.190712
0.756661, 0.023932, -0.653369

 *****************  NAV_EQUATIONS ENDS **************************
GNSS-INS DIFF: 0.499718
[0]:0.639945	[3]:-0.133920	[6]:0.756661	
[1]:-0.231804	[4]:-0.972468	[7]:0.023932	
[2]:0.732624	[5]:-0.190712	[8]:-0.653369	
Quat.euler: 0.081628
Euler from Quaternions: 0.044951, 0.081719, 2.394514
Euler from CTM: 0.044122, 0.081719, 2.213200

 *****************  TC_INS/GNSS ENDS **************************

 *****************  INSGNSS CORE ENDS *************************
KEEP UPDATING INS 
GNSS.INSPREV.INS.TIMES.DIFF: 242208.999718, 242208.500000, 242208.507000, 0.492718
Stationary_detection.IS MOVING
LEVELLING.KINE, -1.638024, 0.023820, -9.900117

 *****************  INSGNSS CORE BEGINS ***********************
OLD TIME: 242208.500000, 242208.500000, 242208.500000
Clock OFF and DRIFT: 84514.170772, -67.135583
ERROR GEOM.
ERROR GEOM.
ERROR GEOM.

 *****************  TC_INS/GNSS BEGINS ************************
att: 0.000305, vel: 0.010000, pos: 100.000000
att: 0.000305, vel: 0.010000, pos: 100.000000
att: 0.000305, vel: 0.010000, pos: 100.000000

 *****************  NAV_EQUATIONS BEGINS ************************
NAVIGATION EQUATIONS
OLD_P: 1761244.567090, -4078198.643641, 4561437.682072
OLD_V: -5.695557, 1.686520, -0.915667
ACC: -1.638024, 0.023820, -9.900117
GYR: 0.001039, 0.008641, 0.145413
new_C_b_e: 0.639664, -0.232450, 0.732664
-0.134899, -0.972333, -0.190714
0.756725, 0.023157, -0.653324
tor_i: 0.007000 
C_b_e: 0.640127, -0.230812, 0.732779
-0.133274, -0.972705, -0.189962
0.756621, 0.023939, -0.653415

 *****************  NAV_EQUATIONS ENDS **************************
GNSS-INS DIFF: 0.492718
[0]:0.640127	[3]:-0.133274	[6]:0.756621	
[1]:-0.230812	[4]:-0.972705	[7]:0.023939	
[2]:0.732779	[5]:-0.189962	[8]:-0.653415	
Quat.euler: 0.081613
Euler from Quaternions: 0.044857, 0.081704, 2.393836
Euler from CTM: 0.044032, 0.081703, 2.212176

 *****************  TC_INS/GNSS ENDS **************************

 *****************  INSGNSS CORE ENDS *************************
KEEP UPDATING INS 
GNSS.INSPREV.INS.TIMES.DIFF: 242208.999718, 242208.507000, 242208.514000, 0.485718
Stationary_detection.IS MOVING
LEVELLING.KINE, -1.417443, -0.093222, -9.629836

 *****************  INSGNSS CORE BEGINS ***********************
OLD TIME: 242208.500000, 242208.500000, 242208.500000
Clock OFF and DRIFT: 84514.170772, -67.135583
ERROR GEOM.
ERROR GEOM.
ERROR GEOM.

 *****************  TC_INS/GNSS BEGINS ************************
att: 0.000305, vel: 0.010000, pos: 100.000000
att: 0.000305, vel: 0.010000, pos: 100.000000
att: 0.000305, vel: 0.010000, pos: 100.000000

 *****************  NAV_EQUATIONS BEGINS ************************
NAVIGATION EQUATIONS
OLD_P: 1761244.533380, -4078198.646576, 4561437.692394
OLD_V: -5.774280, 1.731170, -0.928162
ACC: -1.417443, -0.093222, -9.629836
GYR: -0.000263, 0.005361, 0.143367
new_C_b_e: 0.639607, -0.232100, 0.732825
-0.135212, -0.972433, -0.189976
0.756717, 0.022423, -0.653358
tor_i: 0.014000 
C_b_e: 0.640452, -0.228858, 0.733112
-0.131986, -0.973169, -0.188493
0.756574, 0.023961, -0.653469

 *****************  NAV_EQUATIONS ENDS **************************
GNSS-INS DIFF: 0.485718
[0]:0.640452	[3]:-0.131986	[6]:0.756574	
[1]:-0.228858	[4]:-0.973169	[7]:0.023961	
